1 8.31169 0.0243615
2 5.90877 0.0145303
3 4.79752 0.0114539
4 4.15474 0.00987619
5 3.6924 0.00861975
6 3.36115 0.00778911
7 3.12314 0.00723632
8 2.91971 0.00675984
9 2.75629 0.00640956
10 2.62415 0.00603853
11 2.4853 0.00571674
12 2.37518 0.00543198
13 2.29532 0.00530192
14 2.21003 0.00499281
15 2.12107 0.00491832
16 2.06027 0.0047593
17 2.00145 0.00457385
18 1.94178 0.00433365
19 1.891 0.00430452
20 1.84326 0.00421117
30 1.50455 0.00343546
40 1.30135 0.00294314
50 1.17164 0.00261345
60 1.07015 0.00242965
70 0.991718 0.00224915
80 0.925879 0.00208435
90 0.872019 0.001968
100 0.829882 0.00186833

