1 0.0454878 1.24512e-05
2 0.0454324 8.5582e-06
3 0.0454901 6.94447e-06
4 0.0454731 6.01215e-06
5 0.0454703 5.3465e-06
6 0.0454921 4.85287e-06
7 0.0454838 4.50627e-06
8 0.0454845 4.21171e-06
9 0.0454969 3.97414e-06
10 0.0454883 3.78552e-06
11 0.0454965 3.58909e-06
12 0.0454901 3.42217e-06
13 0.0454849 3.30982e-06
14 0.0454947 3.18546e-06
15 0.0454947 3.05758e-06
16 0.0454957 2.9666e-06
17 0.0454973 2.88186e-06
18 0.045494 2.79865e-06
19 0.0454975 2.72329e-06
20 0.0454974 2.65795e-06
30 0.0454966 2.16719e-06
40 0.0454997 1.87404e-06
60 0.0454966 1.54069e-06
70 0.0454994 1.4283e-06
80 0.0454987 1.3332e-06
90 0.0454986 1.25519e-06
100 0.0454988 1.19474e-06
60 0.0454967 1.55746e-05
60 0.045547 5.3146e-05
70 0.0454686 4.74927e-05
80 0.0454559 4.3195e-05
90 0.0454307 4.34827e-05
100 0.0455132 4.16829e-05
60 0.045547 5.3146e-05
70 0.0454686 4.74927e-05
80 0.0454559 4.3195e-05
90 0.0454307 4.34827e-05
100 0.0455132 4.16829e-05
60 0.045547 5.3146e-05
70 0.0454686 4.74927e-05
80 0.0454559 4.3195e-05
90 0.0454307 4.34827e-05
100 0.0455132 4.16829e-05
60 0.045547 5.3146e-05
70 0.0454686 4.74927e-05
80 0.0454559 4.3195e-05
90 0.0454307 4.34827e-05
100 0.0455132 4.16829e-05
60 0.230114 5.09137
70 0.224092 4.84338
80 0.212265 51.3071
90 0.226074 5.01192
100 0.226062 5.01124
60 0.230114 5.09137
70 0.224092 4.84338
80 0.212265 51.3071
90 0.226074 5.01192
100 0.226062 5.01124
