1 25.0095 0.0821324
2 17.5795 0.0492029
3 14.304 0.0384498
4 12.4056 0.0323178
5 11.0854 0.0286123
6 10.2948 0.0262368
7 9.48747 0.0238887
8 8.89155 0.022614
9 8.36277 0.0207675
10 7.93095 0.0194175
11 7.57193 0.0189724
12 7.24591 0.018001
13 6.94227 0.0170089
14 6.72623 0.0164118
15 6.48454 0.0158665
16 6.24046 0.0151982
17 6.09482 0.0149461
18 5.90475 0.0142542
19 5.76382 0.0139049
20 5.5974 0.0135293
21 5.47794 0.0131443
22 5.354 0.0130622
23 5.23365 0.012447
24 5.11167 0.0123034
25 5.02115 0.0119009
26 4.92759 0.0117501
27 4.82079 0.0115491
28 4.76397 0.0113337
29 4.67315 0.0112183
30 4.61108 0.0110326
40 3.98767 0.00937932
50 3.57274 0.00847785
60 3.26646 0.00766835
70 3.02637 0.00709022
80 2.82825 0.00654751
90 2.69017 0.00621493
100 2.54796 0.00594001
