1 0.0153063 1.24364e-05
2 0.0153609 8.56567e-06
3 0.0153989 6.97503e-06
4 0.0153651 6.03342e-06
5 0.015385 5.40135e-06
6 0.0153893 5.01457e-06
7 0.015373 4.61898e-06
8 0.0153913 4.33192e-06
9 0.0153889 4.0735e-06
10 0.0153975 3.86311e-06
11 0.0153838 3.68575e-06
12 0.0153953 3.53003e-06
13 0.0153975 3.38162e-06
14 0.0153865 3.2743e-06
15 0.0153924 3.15928e-06
16 0.0154006 3.04285e-06
17 0.0153924 2.96728e-06
18 0.0153916 2.87561e-06
19 0.0153955 2.80683e-06
20 0.015398 2.72674e-06
21 0.0153907 2.66696e-06
22 0.0153933 2.60737e-06
23 0.0153963 2.549e-06
24 0.0153928 2.489e-06
25 0.0153972 2.4455e-06
26 0.0153991 2.40016e-06
27 0.015392 2.34742e-06
28 0.0153909 2.31934e-06
29 0.0153953 2.27684e-06
30 0.0153982 2.2467e-06
40 0.0153974 1.94237e-06
50 0.0153965 1.73998e-06
60 0.0153989 1.59102e-06
70 0.0153995 1.47397e-06
80 0.0153982 1.37731e-06
90 0.0153996 1.31055e-06
100 0.0153994 1.24085e-06
