1 0.000210673 2.02791e-06
2 0.000187844 1.42411e-06
3 0.000184931 1.15314e-06
4 0.000185061 9.9209e-07
5 0.000184911 8.88984e-07
6 0.000183983 8.24999e-07
7 0.000185394 7.59411e-07
8 0.000184308 7.10623e-07
9 0.000184631 6.72884e-07
10 0.000184346 6.36755e-07
11 0.000186094 6.08598e-07
12 0.000184262 5.84919e-07
13 0.000186014 5.58152e-07
14 0.000185365 5.39859e-07
15 0.000185369 5.21027e-07
16 0.0001841 5.06014e-07
17 0.000184756 4.89482e-07
18 0.000184972 4.73759e-07
19 0.00018574 4.64566e-07
20 0.000184571 4.53023e-07
21 0.000184648 4.41199e-07
22 0.000186145 4.32341e-07
23 0.00018525 4.22709e-07
24 0.000185083 4.13275e-07
25 0.000184643 4.05704e-07
26 0.000184025 3.97038e-07
27 0.000185403 3.90441e-07
28 0.000185086 3.84202e-07
29 0.000185381 3.77129e-07
30 0.000185411 3.70124e-07
40 0.000185311 3.23414e-07
50 0.000184612 2.89799e-07
60 0.000184998 2.66786e-07
70 0.000184679 2.48449e-07
80 0.000184658 2.33716e-07
90 0.000185104 2.21217e-07
100 0.000185351 2.10832e-07
