1 279.715 3.34915
2 232.147 2.26014
3 193.083 1.62691
4 167.145 1.26426
5 150.07 1.05938
6 140.71 0.942283
7 129.061 0.817937
8 121.165 0.735066
9 114.524 0.674731
10 108.503 0.61404
11 103.069 0.566531
12 100.013 0.538917
13 94.5763 0.493335
14 91.8306 0.47442
15 88.6295 0.446714
16 86.6521 0.432803
17 83.5576 0.406452
18 80.8127 0.388703
19 78.8312 0.371918
20 77.392 0.362692
21 75.3654 0.348228
22 73.2915 0.332644
23 71.9855 0.325385
24 70.4788 0.314341
25 69.3093 0.306827
26 68.158 0.299971
27 66.3943 0.28466
28 65.5458 0.280885
29 64.2077 0.274188
30 62.9911 0.264773
40 55.1244 0.21979
50 49.6048 0.18692
60 45.5886 0.167499
70 42.535 0.149812
80 39.999 0.138683
90 37.778 0.127631
100 35.96 0.120114
