1 17.7835 0.0593363
2 12.4861 0.0328959
3 10.1872 0.0257613
4 8.84335 0.0223684
5 7.90401 0.0196276
6 7.34618 0.0178917
7 6.76178 0.0165191
8 6.33776 0.0154135
9 5.97532 0.0143889
10 5.64812 0.0136538
11 5.37975 0.0130203
12 5.15123 0.0123003
13 4.94124 0.0116694
14 4.78051 0.0114266
15 4.61897 0.0110036
16 4.43373 0.0103315
17 4.33286 0.0102595
18 4.20543 0.00987663
19 4.09385 0.00957281
20 3.9821 0.00944142
21 3.88888 0.00917245
22 3.80871 0.00902461
23 3.71445 0.00866017
24 3.64475 0.00857518
25 3.57015 0.00831381
26 3.50264 0.00822305
27 3.42381 0.00798259
28 3.38846 0.00789476
29 3.31893 0.00781013
30 3.26978 0.00771444
40 2.82433 0.00655207
50 2.52332 0.00589095
60 2.30387 0.00536936
70 2.14075 0.00495476
80 1.99541 0.00458195
90 1.8941 0.00434506
100 1.79522 0.00413579
