1 0.045092 2.68631e-05
2 0.0454085 1.80689e-05
3 0.0454744 1.47163e-05
4 0.0454018 1.2729e-05
5 0.0454452 1.13839e-05
6 0.0454985 1.05904e-05
7 0.0454414 9.73313e-06
8 0.045458 9.12548e-06
9 0.0454912 8.60184e-06
10 0.0455087 8.13466e-06
11 0.0454696 7.74563e-06
12 0.0454833 7.41576e-06
13 0.0454887 7.11234e-06
14 0.0454737 6.88177e-06
15 0.0454804 6.64937e-06
16 0.0454913 6.392e-06
17 0.0454682 6.23523e-06
18 0.0454853 6.05417e-06
19 0.0454861 5.89191e-06
20 0.0455021 5.73275e-06
21 0.0454904 5.59897e-06
22 0.0454866 5.48246e-06
23 0.0454987 5.34614e-06
24 0.0454847 5.24633e-06
25 0.0454875 5.1393e-06
26 0.0454972 5.0413e-06
27 0.0454826 4.92831e-06
28 0.0454952 4.87596e-06
29 0.0454929 4.77689e-06
30 0.0454961 4.70709e-06
40 0.0454992 4.0667e-06
50 0.0455052 3.63277e-06
60 0.0454979 3.31565e-06
70 0.045499 3.08059e-06
80 0.0455012 2.87158e-06
90 0.0454948 2.7272e-06
100 0.0454938 2.58338e-06
